name: quiz
channels:
  - conda-forge
  - defaults
dependencies:
  - attrs=24.2.0=pyh71513ae_0
  - brotli-python=1.1.0=py312h53d5487_1
  - bzip2=1.0.8=h2466b09_7
  - ca-certificates=2024.7.4=h56e8100_0
  - certifi=2024.7.4=pyhd8ed1ab_0
  - cffi=1.17.0=py312h4389bb4_0
  - charset-normalizer=3.3.2=pyhd8ed1ab_0
  - exceptiongroup=1.2.2=pyhd8ed1ab_0
  - freetype=2.12.1=hdaf720e_2
  - h11=0.14.0=pyhd8ed1ab_0
  - h2=4.1.0=pyhd8ed1ab_0
  - hpack=4.0.0=pyh9f0ad1d_0
  - hyperframe=6.0.1=pyhd8ed1ab_0
  - idna=3.8=pyhd8ed1ab_0
  - intel-openmp=2024.2.1=h57928b3_1083
  - lcms2=2.16=h67d730c_0
  - lerc=4.0.0=h63175ca_0
  - libblas=3.9.0=23_win64_mkl
  - libcblas=3.9.0=23_win64_mkl
  - libdeflate=1.21=h2466b09_0
  - libexpat=2.6.2=h63175ca_0
  - libffi=3.4.2=h8ffe710_5
  - libhwloc=2.11.1=default_h8125262_1000
  - libiconv=1.17=hcfcfb64_2
  - libjpeg-turbo=3.0.0=hcfcfb64_1
  - liblapack=3.9.0=23_win64_mkl
  - libpng=1.6.43=h19919ed_0
  - libsqlite=3.46.0=h2466b09_0
  - libtiff=4.6.0=hb151862_4
  - libwebp-base=1.4.0=hcfcfb64_0
  - libxcb=1.16=h013a479_1
  - libxml2=2.12.7=h0f24e4e_4
  - libzlib=1.3.1=h2466b09_1
  - m2w64-gcc-libgfortran=5.3.0=6
  - m2w64-gcc-libs=5.3.0=7
  - m2w64-gcc-libs-core=5.3.0=7
  - m2w64-gmp=6.1.0=2
  - m2w64-libwinpthread-git=5.0.0.4634.697f757=2
  - mkl=2024.1.0=h66d3029_694
  - msys2-conda-epoch=20160418=1
  - numpy=2.1.0=py312h49bc9c5_0
  - openjpeg=2.5.2=h3d672ee_0
  - openssl=3.3.1=h2466b09_3
  - outcome=1.3.0.post0=pyhd8ed1ab_0
  - pandas=2.2.2=py312h72972c8_1
  - pillow=10.4.0=py312h381445a_0
  - pip=24.2=pyhd8ed1ab_0
  - pthread-stubs=0.4=hcd874cb_1001
  - pthreads-win32=2.9.1=hfa6e2cd_3
  - pycparser=2.22=pyhd8ed1ab_0
  - pysocks=1.7.1=pyh0701188_6
  - python=3.12.5=h889d299_0_cpython
  - python-dateutil=2.9.0=pyhd8ed1ab_0
  - python-tzdata=2024.1=pyhd8ed1ab_0
  - python_abi=3.12=5_cp312
  - pytz=2024.1=pyhd8ed1ab_0
  - requests=2.32.3=pyhd8ed1ab_0
  - selenium=4.23.1=pyhd8ed1ab_0
  - selenium-manager=4.23.0=ha073cba_0
  - setuptools=72.2.0=pyhd8ed1ab_0
  - six=1.16.0=pyh6c4a22f_0
  - sniffio=1.3.1=pyhd8ed1ab_0
  - sortedcontainers=2.4.0=pyhd8ed1ab_0
  - tbb=2021.12.0=hc790b64_3
  - tk=8.6.13=h5226925_1
  - trio=0.26.2=py312h2e8e312_0
  - trio-websocket=0.11.1=pyhd8ed1ab_0
  - typing_extensions=4.12.2=pyha770c72_0
  - tzdata=2024a=h0c530f3_0
  - ucrt=10.0.22621.0=h57928b3_0
  - urllib3=2.2.2=pyhd8ed1ab_1
  - vc=14.3=h8a93ad2_20
  - vc14_runtime=14.40.33810=ha82c5b3_20
  - vs2015_runtime=14.40.33810=h3bf8584_20
  - websocket-client=1.8.0=pyhd8ed1ab_0
  - wheel=0.44.0=pyhd8ed1ab_0
  - win_inet_pton=1.1.0=pyhd8ed1ab_6
  - wsproto=1.2.0=pyhd8ed1ab_0
  - xorg-libxau=1.0.11=hcd874cb_0
  - xorg-libxdmcp=1.1.3=hcd874cb_0
  - xz=5.2.6=h8d14728_0
  - zstandard=0.23.0=py312h7606c53_0
  - zstd=1.5.6=h0ea2cb4_0
  - pip:
      - fast-autocomplete==0.9.0
      - levenshtein==0.25.1
      - packaging==24.1
      - python-dotenv==1.0.1
      - python-levenshtein==0.25.1
      - rapidfuzz==3.9.6
      - ttkwidgets==0.13.0
      - webdriver-manager==4.0.2
prefix: C:\Users\aaros\miniconda3\envs\quiz
